100
1 2 500000002 1 1000000000
1 2 300000002 1 1000000000
1 2 100000002 1 1000000000
1 2 200000002 1 1000000000
1 2 400000002 1 1000000000
1 2 600000002 1 1000000000
1 2 600000002 1 1000000000
500000000 2 600000002 1 1000000000
500000000 2 300000002 1 1000000000
500000000 2 200000002 1 1000000000
500000000 2 100000001 1 1000000000
1 3 500000002 1 1000000000
1 3 1000000000 1 1000000000
10 10 4 2 101
10 10 4 5 10000
1 97 7 40 999999988
1 52 8 25 999999985
1 41 6 26 999999994
1 61 8 26 999999983
1 73 3 24 999999994
1 171 3 141 999999996
2 206 7 192 999999982
2 124 2 107 999999985
2 54 3 2 999999996
2 187 7 24 999999987
2 62 2 7 999999994
2 111 2 32 1000000000
1 98 5 51 999999997
1 60 6 4 999999987
1 160 7 118 999999997
1 180 7 14 999999998
1 97 4 1 999999987
1 81 6 19 999999984
2 45 8 35 999999991
2 93 6 86 999999989
1 73 7 46 999999991
1 21 7 19 999999994
1 51 5 6 999999996
2 38 3 13 999999999
1 187 5 118 999999996
2 112 8 107 999999983
2 188 3 29 999999983
1 23 4 18 999999997
1 26 4 1 999999981
2 148 3 96 999999984
2 195 5 48 1000000000
1 134 3 61 999999993
1 50 4 38 999999994
2 194 8 49 999999987
2 66 7 11 1000000000
2 52 3 1 999999992
1 41 5 1 999999981
2 123 6 94 999999998
2 103 8 91 999999981
1 164 2 82 999999998
1 166 5 76 999999994
2 26 3 25 999999985
2 168 6 16 999999997
2 130 8 77 999999999
1 161 8 149 1000000000
2 130 5 2 999999990
1 202 7 196 999999983
2 15 2 4 999999981
2 78 4 73 999999998
2 141 5 63 999999997
2 47 7 25 1000000000
2 11 6 6 999999983
1 54 3 3 999999987
1 112 8 100 999999982
2 42 5 11 999999991
2 159 8 53 999999993
1 39 3 29 999999998
2 153 5 104 999999986
2 133 8 7 999999999
1 159 6 55 999999985
1 183 4 86 999999997
2 192 6 92 999999981
1 176 3 36 999999981
2 62 6 10 999999993
1 155 2 138 999999992
2 185 8 165 999999997
2 129 5 93 999999993
2 41 8 23 999999985
1 97 5 24 999999994
1 61 8 4 999999995
2 113 2 1 999999982
2 169 7 151 999999986
1 44 5 13 999999998
1 157 2 33 999999989
2 174 5 93 999999988
1 41 6 15 999999994
2 21 4 11 999999999
2 41 3 9 999999982
1 48 4 29 999999994
2 139 5 109 999999995
1 43 5 41 999999997
1 179 4 141 999999994
1 114 5 92 999999999
2 181 4 119 999999990
1 83 8 53 999999991